6456821 84873707520 102766560 529473208320 14079.323067
6456821 84873707520 102766560 529473208320 14079.323067
6456821 84873707520 102766560 529473208320 14079.323067
6456821 84873707520 102766560 529473208320 14079.323067
6456821 84873707520 102766560 529473208320 14079.323067
6456821 84873707520 102766560 529473208320 14079.323067
6456821 84873707520 102766560 529473208320 14079.323067
6456821 84873707520 102766560 529473208320 14079.323067
6456821 84873707520 102766560 529473208320 14079.323067
6456821 84873707520 102766560 529473208320 14079.323067
6456821 84873707520 102766560 529473208320 14079.323067
6456821 84873707520 102766560 529473208320 14079.323067
6456821 84873707520 102766560 529473208320 14079.323067
6456821 84873707520 102766560 529473208320 14079.323067
6456821 84873707520 102766560 529473208320 14079.323067
6456821 84873707520 102766560 529473208320 14079.323067
6456821 84873707520 102766560 529473208320 14079.323067
6456821 84873707520 102766560 529473208320 14079.323067
6456821 84873707520 102766560 529473208320 14079.323067
6456821 84873707520 102766560 529473208320 14079.323067
6456821 84873707520 102766560 529473208320 14079.323067
6456821 84873707520 102766560 529473208320 14079.323067
6456821 84873707520 102766560 529473208320 14079.323067
6456821 84873707520 102766560 529473208320 14079.323067
6456821 84873707520 102766560 529473208320 14079.323067
6456821 84873707520 102766560 529473208320 14079.323067
6456821 84873707520 102766560 529473208320 14079.323067
6456821 84873707520 102766560 529473208320 14079.323067
6456821 84873707520 102766560 529473208320 14079.323067
6456821 84873707520 102766560 529473208320 14079.323067
6456821 84873707520 102766560 529473208320 14079.323067
6456821 84873707520 102766560 529473208320 14079.323067
6456821 84873707520 102766560 529473208320 14079.323067
6456821 84873707520 102766560 529473208320 14079.323067
6456821 84873707520 102766560 529473208320 14079.323067
6456821 84873707520 102766560 529473208320 14079.323067
6456821 84873707520 102766560 529473208320 14079.323067
6456821 84873707520 102766560 529473208320 14079.323067
6456821 84873707520 102766560 529473208320 14079.323067
6456821 84873707520 102766560 529473208320 14079.323067
6456821 84873707520 102766560 529473208320 14079.323067
6456821 84873707520 102766560 529473208320 14079.323067
6456821 84873707520 102766560 529473208320 14079.323067
6456821 84873707520 102766560 529473208320 14079.323067
6456821 84873707520 102766560 529473208320 14079.323067
6456821 84873707520 102766560 529473208320 14079.323067
6456821 84873707520 102766560 529473208320 14079.323067
6456821 84873707520 102766560 529473208320 14079.323067
6456821 84873707520 102766560 529473208320 14079.323067
6456821 84873707520 102766560 529473208320 14079.323067
6456821 84873707520 102766560 529473208320 14079.323067
